num_fdt = [-16839.2673540496	8144915.60938372];
den_fdt = [1	129.869177417850	1074.44632409957];